#
# Sprite sheet data for MonoGame.
#
# To learn how to import these sprites into your MonoGame project visit:
# http://www.codeandweb.com/texturepacker/monogame
#
# Sprite sheet: EnemyDeathAnimationTexture.png (1748 x 504)
# $TexturePacker:SmartUpdate:4f9ce40b74ddf1ae708cb2baa6de36ae:cabb6e7a9041e9548d7377f0ad41841d:ef1cac96799ed34d4bd4902a045de962$
#

BlueShipDeathAnimationPNGs_000;0;499;1;371;500;496;500;0.4716981132075472;0.5
BlueShipDeathAnimationPNGs_001;0;499;1;371;500;496;500;0.4716981132075472;0.5
BlueShipDeathAnimationPNGs_002;0;499;1;371;500;496;500;0.4716981132075472;0.5
BlueShipDeathAnimationPNGs_003;0;499;1;371;500;496;500;0.4716981132075472;0.5
BlueShipDeathAnimationPNGs_004;0;499;1;371;500;496;500;0.4716981132075472;0.5
BlueShipDeathAnimationPNGs_005;0;499;1;371;500;496;500;0.4716981132075472;0.5
BlueShipDeathAnimationPNGs_006;0;499;1;371;500;496;500;0.4716981132075472;0.5
BlueShipDeathAnimationPNGs_007;0;499;1;371;500;496;500;0.4716981132075472;0.5
BlueShipDeathAnimationPNGs_008;0;499;1;371;500;496;500;0.4716981132075472;0.5
BlueShipDeathAnimationPNGs_009;0;499;1;371;500;496;500;0.4716981132075472;0.5
BlueShipDeathAnimationPNGs_010;0;499;1;371;500;496;500;0.4716981132075472;0.5
BlueShipDeathAnimationPNGs_011;0;499;1;371;500;496;500;0.4716981132075472;0.5
BlueShipDeathAnimationPNGs_012;0;499;1;371;500;496;500;0.4716981132075472;0.5
BlueShipDeathAnimationPNGs_013;0;1349;1;397;468;496;500;0.5012594458438288;0.5149572649572649
BlueShipDeathAnimationPNGs_014;0;1349;1;397;468;496;500;0.5012594458438288;0.5149572649572649
BlueShipDeathAnimationPNGs_015;0;1349;1;397;468;496;500;0.5012594458438288;0.5149572649572649
BlueShipDeathAnimationPNGs_016;0;1349;1;397;468;496;500;0.5012594458438288;0.5149572649572649
BlueShipDeathAnimationPNGs_017;0;1349;1;397;468;496;500;0.5012594458438288;0.5149572649572649
BlueShipDeathAnimationPNGs_018;0;1349;1;397;468;496;500;0.5012594458438288;0.5149572649572649
BlueShipDeathAnimationPNGs_019;0;1349;1;397;468;496;500;0.5012594458438288;0.5149572649572649
BlueShipDeathAnimationPNGs_020;0;1349;1;397;468;496;500;0.5012594458438288;0.5149572649572649
BlueShipDeathAnimationPNGs_021;0;1349;1;397;468;496;500;0.5012594458438288;0.5149572649572649
BlueShipDeathAnimationPNGs_022;0;1349;1;397;468;496;500;0.5012594458438288;0.5149572649572649
BlueShipDeathAnimationPNGs_023;0;1349;1;397;468;496;500;0.5012594458438288;0.5149572649572649
BlueShipDeathAnimationPNGs_024;0;1349;1;397;468;496;500;0.5012594458438288;0.5149572649572649
BlueShipDeathAnimationPNGs_025;0;872;1;475;499;496;500;0.4968421052631579;0.501002004008016
BlueShipDeathAnimationPNGs_026;0;872;1;475;499;496;500;0.4968421052631579;0.501002004008016
BlueShipDeathAnimationPNGs_027;0;872;1;475;499;496;500;0.4968421052631579;0.501002004008016
BlueShipDeathAnimationPNGs_028;0;872;1;475;499;496;500;0.4968421052631579;0.501002004008016
BlueShipDeathAnimationPNGs_029;0;872;1;475;499;496;500;0.4968421052631579;0.501002004008016
BlueShipDeathAnimationPNGs_030;0;872;1;475;499;496;500;0.4968421052631579;0.501002004008016
BlueShipDeathAnimationPNGs_031;0;872;1;475;499;496;500;0.4968421052631579;0.501002004008016
BlueShipDeathAnimationPNGs_032;0;872;1;475;499;496;500;0.4968421052631579;0.501002004008016
BlueShipDeathAnimationPNGs_033;0;872;1;475;499;496;500;0.4968421052631579;0.501002004008016
BlueShipDeathAnimationPNGs_034;0;872;1;475;499;496;500;0.4968421052631579;0.501002004008016
BlueShipDeathAnimationPNGs_035;0;872;1;475;499;496;500;0.4968421052631579;0.501002004008016
BlueShipDeathAnimationPNGs_036;0;872;1;475;499;496;500;0.4968421052631579;0.501002004008016
BlueShipDeathAnimationPNGs_037;0;872;1;475;499;496;500;0.4968421052631579;0.501002004008016
BlueShipDeathAnimationPNGs_038;0;1;1;496;500;496;500;0.5;0.5
BlueShipDeathAnimationPNGs_039;0;1;1;496;500;496;500;0.5;0.5
BlueShipDeathAnimationPNGs_040;0;1;1;496;500;496;500;0.5;0.5
BlueShipDeathAnimationPNGs_041;0;1;1;496;500;496;500;0.5;0.5
BlueShipDeathAnimationPNGs_042;0;1;1;496;500;496;500;0.5;0.5
BlueShipDeathAnimationPNGs_043;0;1;1;496;500;496;500;0.5;0.5
BlueShipDeathAnimationPNGs_044;0;1;1;496;500;496;500;0.5;0.5
BlueShipDeathAnimationPNGs_045;0;1;1;496;500;496;500;0.5;0.5
BlueShipDeathAnimationPNGs_046;0;1;1;496;500;496;500;0.5;0.5
BlueShipDeathAnimationPNGs_047;0;1;1;496;500;496;500;0.5;0.5
BlueShipDeathAnimationPNGs_048;0;1;1;496;500;496;500;0.5;0.5
BlueShipDeathAnimationPNGs_049;0;1;1;496;500;496;500;0.5;0.5
BlueShipDeathAnimationPNGs_050;0;1;1;496;500;496;500;0.5;0.5
BlueShipDeathAnimationPNGs_051;0;1;1;496;500;496;500;0.5;0.5
BlueShipDeathAnimationPNGs_052;0;1;1;496;500;496;500;0.5;0.5
BlueShipDeathAnimationPNGs_053;0;1;1;496;500;496;500;0.5;0.5
BlueShipDeathAnimationPNGs_054;0;1;1;496;500;496;500;0.5;0.5
BlueShipDeathAnimationPNGs_055;0;1;1;496;500;496;500;0.5;0.5
BlueShipDeathAnimationPNGs_056;0;1;1;496;500;496;500;0.5;0.5
BlueShipDeathAnimationPNGs_057;0;1;1;496;500;496;500;0.5;0.5
BlueShipDeathAnimationPNGs_058;0;1;1;496;500;496;500;0.5;0.5
BlueShipDeathAnimationPNGs_059;0;1;1;496;500;496;500;0.5;0.5
BlueShipDeathAnimationPNGs_060;0;1;1;496;500;496;500;0.5;0.5
BlueShipDeathAnimationPNGs_061;0;1;1;496;500;496;500;0.5;0.5